dass	daß	6	24.7047548914835	0.0	0.7	0.12
Allwiffenheit	Allwissenheit	2	30.96277519645082	0.23076923076923078	0.08695652173913043	0.0
Photograph	Fotograf	0	40206.6269605406	0.125	0.05405405405405406	0.0
Fotografie	Photographie	2	1.4529490715369393	0.1	0.0	0.0
Photographie	Fotografie	2	1024181.6757934798	0.1	0.0	0.0
wissen	wiffen	3	21781.670258007078	0.07692307692307693	0.25	0.0
Abfluß	Abfluss	1	141466.3166509824	0.0	0.21428571428571427	0.0
Aderlaß	Aderlass	3	1821.5368616247715	0.0	0.2727272727272727	0.01652892561983471
blaß	blass	3	439.74356425247896	0.07692307692307693	0.2532467532467533	0.012987012987012986
Schuß	Schuss	3	3032.9416573784356	0.2	0.2761904761904762	0.019047619047619046
schußbereit	schussbereit	0	5055.175586385234	0.0	0.03125	0.0
Beschluß	Beschluss	3	5895.0027062172485	0.07142857142857142	0.30219780219780223	0.016483516483516484
Express	Expreß	1	3160.1441268671024	0.18181818181818182	0.125	0.0
Fussball	Fußball	0	2.580718907323888	0.25	0.031746031746031744	0.0
Spaß	Umstand	3	1269.8692464457997	0.14285714285714285	0.45384615384615384	0.046153846153846156
laufen	Tennis	3	3437196.2764652753	0.07692307692307693	0.2912087912087912	0.016483516483516484
Volleyball	Darts	1	608.3628657447967	0.0	0.007874015748031496	0.0
Krieg	Frieden	4	41.83050376566507	0.25	0.0	0.0
dunkel	hell	3	5792.577786199384	0.13333333333333333	0.1125	0.003125
