Spaß	Umstand	6.0	1269.8692464457997	0.13333333333333333	0.45384615384615384	-0.14615384615384613
laufen	Tennis	6.0	3437196.2764652753	0.07142857142857142	0.2912087912087912	0.13736263736263735
Volleyball	Darts	10.0	608.3628657447967	0.0	0.007874015748031496	-0.007874015748031496
Krieg	Frieden	4.0	41.83050376566507	0.23076923076923078	0.0	0.0
dunkel	hell	5.0	5792.577786199384	0.125	0.1125	-0.012499999999999997
Mathe	Bücher	4.0	0.9437461253425597	0.05263157894736842	0.41025641025641024	0.2564102564102564
suchen	Krampf	6.0	57905.93178070429	0.16666666666666666	0.25874125874125875	-0.1048951048951049
Kuchen	Controller	9.0	455472.4649067799	0.26666666666666666	0.41025641025641024	0.2564102564102564
Taschentuch	Tempo	9.0	2.968396788704455	0.05263157894736842	0.36813186813186816	0.06043956043956042
Vibration	Handy	8.0	14410.104533242735	0.11764705882352941	0.18907563025210083	-0.046218487394957986
Bildschirm	Licht	7.0	1.184703402586548	0.09090909090909091	0.1371640407784986	0.01668211306765524
Hölle	Höhle	1.0	45.0194788902669	0.1875	0.34285714285714286	0.05714285714285716
wieder	wider	1.0	8125.157760815116	0.2857142857142857	0.15384615384615385	0.15384615384615385
Wasser	nass	3.0	57743185.22450889	0.21428571428571427	0.18181818181818182	0.18181818181818182
laufen	lesen	3.0	26.75945073724137	0.0625	0.2205128205128205	0.08717948717948719
machen	Wachen	1.0	604683086.4265416	0.16666666666666666	0.07142857142857142	0.07142857142857142
lassen	lesen	2.0	81137.08978744328	0.14285714285714285	0.0	0.0
lachen	machen	1.0	1.1719907870384114	0.14285714285714285	0.07692307692307693	-0.07692307692307693
Dach	doch	2.0	0.9282118773419676	0.14285714285714285	0.406060606060606	0.13939393939393938
Dach	Dich	1.0	1.6084206905624743	0.2857142857142857	0.05555555555555555	-0.05555555555555555
doch	dich	1.0	3927.225245697594	0.3076923076923077	0.07142857142857142	-0.07142857142857142
Drachen	Wachen	2.0	11663696.675861549	0.2	0.11764705882352941	0.11764705882352941
Wachen	Sachen	1.0	6.372738924169286	0.23076923076923078	0.21428571428571427	-0.21428571428571427
wahren	waren	1.0	1.2341739302496213	0.3	0.08333333333333333	0.08333333333333333
Weise	Weiße	1.0	3046736.5237090774	0.0	0.25874125874125875	-0.1048951048951049
Wiese	Wiesen	1.0	277.40462488145397	0.45454545454545453	0.13333333333333333	-0.13333333333333333
gehe	gehen	1.0	2.6922025743437086	0.15384615384615385	0.2857142857142857	0.14285714285714285
sehe	sehen	1.0	4.1036761082095445	0.5	0.2	-0.06666666666666667
Sachen	machen	1.0	40.1016272001426	0.0	0.1111111111111111	-0.1111111111111111
Aufstand	Umstand	3.0	3550.2430856812116	0.07692307692307693	0.2	0.2
Wiesen	Wissen	1.0	81.11164904994902	0.058823529411764705	0.4727272727272727	0.0727272727272727
Ball	Bälle	2.0	2894.095700604983	0.25	0.0	0.0
Balls	Ball	1.0	262.8991677662352	0.11764705882352941	0.2	0.2
drehen	dreht	2.0	5445.709226568637	0.5454545454545454	0.0	0.0
fliegen	Flaggen	3.0	302.17870463204105	0.1111111111111111	0.1608187134502924	0.049707602339181284
umständlich	verständlich	3.0	58.09385377435203	0.0	0.23809523809523808	-0.09523809523809523
kalt	alt	1.0	10.346768658573296	0.14285714285714285	0.1875	0.1875
Ruh	Kuh	1.0	1014.6510683515554	0.11764705882352941	0.3603238866396761	-0.2550607287449393
Stand	Stadt	2.0	1.709052252166263	0.07692307692307693	0.27692307692307694	-0.12307692307692308
Stand	Sand	1.0	419.6002646125706	0.0	0.5984848484848485	0.23484848484848486
Blatt	glatt	1.0	39.80318300838427	0.16666666666666666	0.23897058823529413	-0.11397058823529413
Abaton	Abasin	2.0	8567.393275290426	0.0	0.022900763358778626	0.022900763358778626
Abbaue	Abbasije	3.0	13571.104921388249	0.0	0.05172413793103448	0.05172413793103448
Abfluß	Abfzeß	2.0	1621710.6150864423	0.0	0.03636363636363636	0.03636363636363636
Ablass	Ablesens	3.0	12436.926793249317	0.0	0.3	-0.2
Ablaut	Abliebt	3.0	208155621.12702876	0.0	0.06870229007633588	0.06870229007633588
Abrede	Abreite	2.0	578176579.4748616	0.0	0.06756756756756757	0.06756756756756757
Abdach	Abdollah	4.0	416236.61421257706	0.0	0.022988505747126436	-0.022988505747126436
Abdach	Abdulläh	4.0	183.06307370958638	0.0	0.011494252873563218	-0.011494252873563218
Abdach	Abdullah	4.0	505.11755828917956	0.0	0.07954545454545454	-0.07954545454545454
#
#
#2025-12-12_15-06-52_found
Anregungen	Anrufungen	2.0	4478.974722111488	0.16666666666666666	0.16233766233766234	0.019480519480519487
Aufklauben	Aufkausen	2.0	1841.353317104943	0.0	0.006756756756756757	0.006756756756756757
Augenblick	Augenglück	2.0	699392354.8703277	0.0	0.0661764705882353	0.0661764705882353
Auslastung	Ausgasung	2.0	2227.8745567782703	0.14285714285714285	0.0392156862745098	0.0392156862745098
Auszählung	Ausbohlung	2.0	39111.76207126701	0.0	0.0457516339869281	0.0457516339869281
abgewendet	abgekundet	2.0	12071310.238081293	0.0	0.047337278106508875	0.047337278106508875
angebrannt	angebraßt	2.0	48222.14062203469	0.0	0.06542056074766354	0.06542056074766354
angesagten	angelegten	2.0	4.077856785780836	0.14285714285714285	0.30952380952380953	0.023809523809523808
anstehende	anstaende	2.0	431263.28119681834	0.0	0.07092198581560284	0.07092198581560284
aufbrächen	aufbrühen	2.0	1017.9483708178111	0.125	0.03225806451612903	0.03225806451612903
ausbleiben	ausgleihen	2.0	3051271450.950767	0.125	0.17346938775510204	-0.11224489795918366
ausgerenkt	ausgedeckt	2.0	6937.4589077268665	0.058823529411764705	0.25	0.125
auslaufend	auslugend	2.0	2706464.670289054	0.0	0.0847457627118644	0.0847457627118644
aussteigen	aussiegen	2.0	271756.1639696563	0.0	0.06349206349206349	0.06349206349206349
avancieret	avanziert	2.0	38.0160192544493	0.0	0.009345794392523364	-0.009345794392523364
abgewichen	abgewischten	2.0	10180.709455487937	0.07142857142857142	0.4423076923076923	-0.05769230769230768
adjustiert	adjungiert	2.0	39.540657352927575	0.15384615384615385	0.14646464646464646	0.03535353535353536
angestoßen	angestoßenen	2.0	1327879.2877036675	0.25	0.13043478260869565	0.13043478260869565
apfelgrüne	apfelgroße	2.0	87.07299446867755	0.0	0.1575757575757576	0.024242424242424246
aufpäppeln	aufpeppen	2.0	23095.40530776198	0.0	0.011363636363636364	0.011363636363636364
aufzugehen	aufzudeken	2.0	2492454.9062584816	0.09090909090909091	0.18045977011494252	-0.019540229885057478
ausgelaugt	ausgeflaggt	2.0	661012.3324913769	0.0	0.06306306306306306	0.06306306306306306
ausschaben	ausscharren	2.0	61.19335439814645	0.0	0.15764705882352942	0.0776470588235294
abschalten	abschaffen	2.0	195.11451620563886	0.06666666666666667	0.3205128205128205	0.012820512820512803
Babylonien	Babvloniern	2.0	20644604.50458183	0.0	0.2292768959435626	-0.0564373897707231
Bodenwelle	Bodenrille	2.0	209521834.48797578	0.0	0.015037593984962405	0.015037593984962405
Bergdörfer	Berghöfer	2.0	17831.661587371254	0.0	0.06364468864468864	-0.019688644688644685
Bildhauern	Bildhausen	2.0	1609.7491032507264	0.23076923076923078	0.26785714285714285	-0.01785714285714285
beistellen	beisteuren	2.0	21262.172012671097	0.0	0.0425531914893617	0.0425531914893617
beachteten	beasteten	2.0	401292.5297721154	0.06666666666666667	0.07692307692307693	0.07692307692307693
beschirmet	beschamet	2.0	40957.78288335626	0.0	0.07207207207207207	0.07207207207207207
Dachgarten	Dachratten	2.0	325.32647648078205	0.0	0.03205128205128205	0.03205128205128205
distinktes	distintas	2.0	1242.7444963471407	0.125	0.009615384615384616	0.009615384615384616
durchnagte	durchlegte	2.0	55.530705709065586	0.0	0.007142857142857143	0.007142857142857143
Einmischen	Einwaschen	2.0	452598.77613769786	0.0	0.06818181818181818	0.06818181818181818
Entstauben	Entstalten	2.0	89.69274281600669	0.0	0.024539877300613498	0.024539877300613498
Entrüstung	Entfrostung	2.0	210674.9833763555	0.0	0.040268456375838924	0.040268456375838924
Enthärtung	Entgürtung	2.0	246878.02227942436	0.0	0.02564102564102564	0.02564102564102564
Erstellung	Erstehung	2.0	35807.20175660193	0.0	0.18181818181818182	0.18181818181818182
eingeprägt	eingeprest	2.0	15570411.356577022	0.0	0.048	0.048
einsargten	eingesargten	2.0	1.8447118457224922	0.0	0.04477611940298507	-0.04477611940298507
empfindest	empsandest	2.0	37714.64024779457	0.0	0.07801418439716312	0.07801418439716312
entspannen	entsianden	2.0	3676609.1265465696	0.0	0.09210526315789473	0.09210526315789473
erstrecket	ersireckt	2.0	818182.0464869369	0.0	0.07692307692307693	0.07692307692307693
eingeheizt	eingeiheilt	2.0	229425.6478244238	0.0	0.07446808510638298	0.07446808510638298
einhämmern	einhämmerten	2.0	1960.5896038650699	0.14285714285714285	0.034174311926605506	-0.015825688073394496
einzulegen	einzuwägen	2.0	405949286.37260276	0.09090909090909091	0.07792207792207792	0.07792207792207792
entglitten	entglasten	2.0	3087.6861791359975	0.09090909090909091	0.15931372549019607	-0.07598039215686275
entstanden	entbranden	2.0	1404962.4406434014	0.0	0.052941176470588235	0.052941176470588235
erhaltenen	erhaltten	2.0	1148322.903624314	0.0	0.35	-0.05000000000000002
erstellten	erstillen	2.0	1262670047.523481	0.0	0.0625	0.0625
Fahrtwinde	Fahrtrinne	2.0	0.9009948451559298	0.0	0.020833333333333332	-0.020833333333333332
Feldspaten	Feldspalhen	2.0	856.710347022589	0.0	0.012121212121212121	0.012121212121212121
Großmutter	Großritter	2.0	3962172.060468065	0.0	0.06451612903225806	0.06451612903225806
gescheiden	geschelten	2.0	19535605.52164918	0.0	0.047619047619047616	0.047619047619047616
geschmatzt	geschaezt	2.0	12853.617070582404	0.0	0.020689655172413793	0.020689655172413793
geschweift	geschwert	2.0	294288.92936613306	0.0	0.05309734513274336	0.05309734513274336
gestirntem	gestimmtem	2.0	611.9557546220714	0.18181818181818182	0.06190476190476191	-0.004761904761904762
gravierten	gradirten	2.0	100108.9188713488	0.0	0.14215686274509803	0.024509803921568624
gelassenes	gelesenes	2.0	333.9964425390588	0.2777777777777778	0.6578947368421053	0.34210526315789475
gesammelte	gesammte	2.0	17.155159472807462	0.0	0.25	0.25
gestirnter	gestürmter	2.0	121951.06987455403	0.0	0.032520325203252036	0.032520325203252036
grausamere	grausere	2.0	77672.2143361233	0.0	0.058394160583941604	0.058394160583941604
Handlungen	Handlangern	2.0	208128.00500882618	0.125	0.07692307692307693	-0.07692307692307693
kindischen	kindchen	2.0	104356.31735856937	0.1111111111111111	0.16666666666666666	-0.05555555555555555
Lebenswege	Lebensweife	2.0	676.110269437303	0.25	0.2094017094017094	-0.0982905982905983
Nebensinne	Nebensitze	2.0	133733.78232248797	0.0	0.022727272727272728	0.022727272727272728
Nebenhoden	Nebenhöhen	2.0	1104521.36145367	0.0	0.06870229007633588	0.06870229007633588
Philologie	Philolophie	2.0	1711511124.514194	0.06666666666666667	0.2755681818181818	-0.08806818181818182
Quellcodes	Quellendes	2.0	281.52956386148384	0.0	0.011560693641618497	-0.011560693641618497
Schwertern	Schwenkern	2.0	91426746.54428577	0.0	0.064	0.064
Stegbreite	Stegreife	2.0	184.6206246748824	0.21428571428571427	0.15966386554621848	-0.01680672268907564
Sommerloch	Sommerlauch	2.0	2782966.1309610875	0.0	0.007407407407407408	0.007407407407407408
Starkregen	Starreten	2.0	375842.1432943885	0.0	0.020134228187919462	0.020134228187919462
schnalzten	schnallen	2.0	25.316263171105003	0.45454545454545453	0.12549019607843137	0.00784313725490196
schonender	schabender	2.0	61080738.467970826	0.0	0.16035353535353536	-0.021464646464646464
schwindelt	schwandet	2.0	1091150.352922787	0.0	0.06930693069306931	0.06930693069306931
schilderte	schlidderte	2.0	259513.49498420785	0.15384615384615385	0.07964601769911504	0.07964601769911504
ungiftiger	ungütiger	2.0	5976.709010917844	0.0	0.011904761904761904	0.011904761904761904
Verkühlung	Versühnung	2.0	919395.5926761563	0.0	0.11764705882352941	0.11764705882352941
Verderbens	Verebbens	2.0	18405700.8238758	0.0	0.17410714285714285	-0.11160714285714285
Verheißung	Vermeinung	2.0	1429989.6901099924	0.0625	0.07407407407407407	0.07407407407407407
Vermüllung	Vermarlung	2.0	0.9818412238853156	0.0	0.006535947712418301	0.006535947712418301
Verrückter	Verrichter	2.0	8270.860178907817	0.0	0.3601398601398601	0.1783216783216783
Verarschen	Verlaschen	2.0	1258.8399073474	0.0	0.008333333333333333	0.008333333333333333
Verfehlens	Vergeilens	2.0	984.230466443531	0.0	0.044585987261146494	0.044585987261146494
Verrammeln	Verbummeln	2.0	20.435111824294758	0.0	0.022727272727272728	0.022727272727272728
Verwelkung	Vertelung	2.0	5126.678815101397	0.0	0.016129032258064516	0.016129032258064516
verstanden	verstauen	2.0	31854437.206207827	0.21428571428571427	0.3205128205128205	-0.012820512820512803
vorgesetzt	voraugesetzt	2.0	11480699.597089492	0.0	0.07692307692307693	0.07692307692307693
verbleites	verleztes	2.0	336.9435201827435	0.0	0.027210884353741496	0.027210884353741496
verletzbar	verlesbar	2.0	95287.59793588924	0.0	0.06956521739130435	0.06956521739130435
vernichtet	vermachtet	2.0	11357208.06045544	0.0	0.19642857142857142	-0.08928571428571427
verbannter	verwarnter	2.0	14169.992116556294	0.0	0.047619047619047616	0.047619047619047616
verblendet	verbiindet	2.0	35815.386674882124	0.0	0.09433962264150944	0.09433962264150944
verdrossen	verflossen	2.0	24.06221084304636	0.07142857142857142	0.22424242424242424	-0.04242424242424242
verfochten	verichten	2.0	772860.1005184461	0.2857142857142857	0.22727272727272727	-0.10606060606060605
verlausten	verlasen	2.0	269.3629938873732	0.0	0.47619047619047616	0.19047619047619047
verstümmel	versammel	2.0	8874.025418960915	0.0	0.038461538461538464	-0.038461538461538464
verwildert	verwindet	2.0	23009.73258934675	0.05555555555555555	0.28289473684210525	0.032894736842105254
verzinktes	verdicktes	2.0	295.4038207910408	0.08333333333333333	0.08	-0.08
vorgelegen	vorgeehen	2.0	29710036624.268898	0.0	0.04838709677419355	0.04838709677419355
Wildgänsen	Wildgrasen	2.0	110321.68274143223	0.0	0.04929577464788732	0.04929577464788732
