dass	daß	2.0	24.7047548914835	0.0	0.7	0.10000000000000003
Allwiffenheit	Allwissenheit	2.0	30.96277519645082	0.21428571428571427	0.08695652173913043	-0.08695652173913043
Photograph	Fotograf	4.0	40206.6269605406	0.1111111111111111	0.05405405405405406	-0.05405405405405406
Fotografie	Photographie	4.0	1.4529490715369393	0.09090909090909091	0.0	0.0
Photographie	Fotografie	4.0	1024181.6757934798	0.09090909090909091	0.0	0.0
wissen	wiffen	2.0	21781.670258007078	0.07142857142857142	0.25	-0.25
Abfluß	Abfluss	2.0	141466.3166509824	0.0	0.21428571428571427	-0.21428571428571427
Aderlaß	Aderlass	2.0	1821.5368616247715	0.0	0.2727272727272727	-0.09090909090909091
blaß	blass	2.0	439.74356425247896	0.07142857142857142	0.2532467532467533	0.1103896103896104
Schuß	Schuss	2.0	3032.9416573784356	0.1875	0.2761904761904762	-0.009523809523809518
schußbereit	schussbereit	2.0	5055.175586385234	0.0	0.03125	0.03125
Beschluß	Beschluss	2.0	5895.0027062172485	0.06666666666666667	0.30219780219780223	-0.15934065934065936
Expreß	Express	2.0	70.90980593288657	0.16666666666666666	0.125	-0.125
Fußball	Fussball	2.0	581.3606611237808	0.2222222222222222	0.031746031746031744	0.031746031746031744
Fluss	Fluff	2.0	2351825333.5074024	0.0	0.25	0.0
Ast	Aft	1.0	120393.79804256007	0.3125	0.3222222222222222	-0.2111111111111111
bißchen	bisschen	2.0	143588.43288384017	0.0625	0.5833333333333333	0.08333333333333331
wäßrig	wässrig	2.0	677.8267355700073	0.0625	0.41025641025641024	-0.2564102564102564
ißt	isst	2.0	58.85393899585537	0.125	0.058823529411764705	-0.058823529411764705
Schifffahrt	Schiffahrt	1.0	11051.681825817655	0.18181818181818182	0.15384615384615385	0.15384615384615385
Brennnessel	Brennessel	1.0	24.235815410853778	0.17647058823529413	0.18382352941176472	0.0661764705882353
Autograph	Autograf	2.0	149580763.6708693	0.0	0.0958904109589041	0.0958904109589041
Geographie	Geografie	2.0	45346083.86082647	0.13333333333333333	0.4666666666666667	-0.19999999999999998
Graphit	Grafit	2.0	1272214.5720852353	0.15384615384615385	0.16666666666666666	0.16666666666666666
Megaphon	Megafon	2.0	141934.8687742082	0.125	0.027586206896551724	0.027586206896551724
Saxophon	Saxofon	2.0	8173.9173311803725	0.25	0.028287841191066997	-0.0024813895781637726
Ladies	Ladys	2.0	4214.65176200362	0.058823529411764705	0.1314655172413793	0.006465517241379309
Parties	Partys	2.0	1055953.6065172516	0.0	0.06666666666666667	0.06666666666666667
Lobbies	Lobbys	2.0	52414.779580349124	0.0	0.009345794392523364	-0.009345794392523364
Stories	Storys	2.0	4255.958403591556	0.0	0.017241379310344827	0.017241379310344827
differential	differenzial	1.0	849713.7634668441	0.0	0.04477611940298507	0.04477611940298507
potentiell	potenziell	1.0	7131.824991094321	0.15384615384615385	0.034482758620689655	-0.034482758620689655
sequentiell	sequenziell	1.0	2649.9927060612404	0.25	0.0	0.0
#
#
#2025-12-12_15-06-52_found
Bedürfniss	Bedttrfniss	2.0	25635629.190566298	0.0	0.03636363636363636	0.03636363636363636
Geschlecht	Gesclilecht	2.0	243809677.28546718	0.0	0.04918032786885246	0.04918032786885246
geschmeckt	geschmehet	2.0	48206.21812976714	0.08333333333333333	0.08771929824561403	0.08771929824561403
Herzogthum	Herzogtnm	2.0	424382.5132100977	0.0	0.0703125	0.0703125
hinzufügen	hinzufiigen	2.0	817924.0178063118	0.09090909090909091	0.3968253968253968	0.1746031746031746
Kanalratte	Kanalraphe	2.0	94.80668178959654	0.0	0.014925373134328358	0.014925373134328358
Regengüsse	Regengiisse	2.0	111599374.48544936	0.0	0.17692307692307693	-0.023076923076923078
reißerisch	reisserisch	2.0	1489.477934274025	0.3333333333333333	0.006578947368421052	0.006578947368421052
Streifzugs	Streiszuges	2.0	1995.696291738695	0.0	0.015384615384615385	0.015384615384615385
Stoßstange	Stofsstange	2.0	64.31093724968196	0.0	0.017142857142857144	0.017142857142857144
spekulativ	specnlativ	2.0	34799.17652155806	0.0	0.03937007874015748	0.03937007874015748
Waschküche	Waschkiiche	2.0	1414743.4705520337	0.0	0.049689440993788817	0.049689440993788817
